CQ_String,Enslaved_String,Jaro-Winkler_Score,Cosine_Sim_Score
resource,resource,1.0,1.0
resource,information,0.3106060606060606,0.5960787534713745
resource,database,0.4166666666666667,0.5750643610954285
resource,source,0.8055555555555555,0.5431185960769653
resource,source,0.8055555555555555,0.5431185960769653
resource,provide,0.6011904761904762,0.5056974291801453
resource,asset,0.3833333333333333,0.50473552942276
resource,community,0.49074074074074076,0.5036972761154175
resource,knowledge,0.49074074074074076,0.4945918023586273
resource,knowledge,0.49074074074074076,0.4945918023586273
resource,content,0.3452380952380952,0.4945215582847595
resource,content,0.3452380952380952,0.4945215582847595
resource,environment,0.537878787878788,0.4906238615512848
resource,access,0.5277777777777778,0.4860011637210846
resource,guide,0.3833333333333333,0.48598966002464294
resource,guide,0.3833333333333333,0.48598966002464294
resource,research,0.825,0.48506638407707214
resource,overview,0.5833333333333334,0.4850441515445709
resource,project,0.6071428571428571,0.46897435188293457
resource,assistance,0.5583333333333333,0.46608966588974
resource,context,0.3452380952380952,0.4640387296676636
resource,value,0.3833333333333333,0.45734211802482605
resource,value,0.3833333333333333,0.45734211802482605
resource,website,0.6011904761904762,0.4561954140663147
resource,website,0.6011904761904762,0.4561954140663147
resource,component,0.49074074074074076,0.4493904709815979
resource,list,0.4583333333333333,0.4481855034828186
resource,instruction,0.537878787878788,0.4473578929901123
resource,supply,0.5277777777777778,0.4434332549571991
resource,provider,0.5833333333333334,0.443345308303833
resource,help,0.4583333333333333,0.43908563256263733
resource,tool,0.4583333333333333,0.4354672133922577
resource,tool,0.4583333333333333,0.4354672133922577
resource,literacy,0.5833333333333334,0.4304352104663849
resource,public,0.5277777777777778,0.42985987663269043
resource,opportunity,0.43813131313131315,0.42958202958106995
resource,task,0.4583333333333333,0.42537084221839905
resource,employment,0.5583333333333333,0.4247625172138214
resource,investment,0.5583333333333333,0.42357808351516724
resource,document,0.5833333333333334,0.42193856835365295
resource,topic,0.5499999999999999,0.421245813369751
resource,address,0.6011904761904762,0.4201551675796509
resource,address,0.6011904761904762,0.4201551675796509
resource,destination,0.4772727272727273,0.4179399907588959
resource,destination,0.4772727272727273,0.4179399907588959
resource,focus,0.5472222222222222,0.41781434416770935
resource,focus,0.5472222222222222,0.41781434416770935
resource,distribution,0.4305555555555555,0.41776242852211
resource,support,0.6071428571428571,0.4169932007789612
resource,support,0.6071428571428571,0.4169932007789612
resource,impact,0.4305555555555555,0.416909784078598
resource,software,0.6666666666666666,0.4114111065864563
resource,aid,0.0,0.4094982445240021
resource,organization,0.3055555555555555,0.409313827753067
resource,purpose,0.7130952380952381,0.407880038022995
resource,service,0.7130952380952381,0.4026798903942108
resource,consult,0.4900793650793651,0.4024956226348877
resource,manage,0.4305555555555555,0.4018009603023529
resource,evaluate,0.5833333333333334,0.40122735500335693
resource,individual,0.4083333333333334,0.39929085969924927
resource,funding,0.4226190476190476,0.3967399001121521
resource,user,0.5972222222222222,0.39623570442199707
resource,portfolio,0.32407407407407407,0.3956698477268219
resource,process,0.6464285714285715,0.3943774700164795
resource,transportation,0.5952380952380952,0.38991162180900574
resource,page,0.4583333333333333,0.3894490897655487
resource,page,0.4583333333333333,0.3894490897655487
resource,generate,0.5833333333333334,0.3891729414463043
resource,publication,0.4772727272727273,0.3886447846889496
resource,responsibility,0.5952380952380952,0.3883109986782074
resource,location,0.4166666666666667,0.386677086353302
resource,location,0.4166666666666667,0.386677086353302
resource,location,0.4166666666666667,0.386677086353302
resource,property,0.5833333333333334,0.3849562704563141
resource,ownership,0.48148148148148145,0.3833717405796051
resource,energy,0.3611111111111111,0.38256630301475525
resource,system,0.3611111111111111,0.38165712356567383
resource,instance,0.5833333333333334,0.38056501746177673
resource,input,0.44166666666666665,0.3783515989780426
resource,classroom,0.4583333333333333,0.3757699131965637
resource,material,0.5,0.37450456619262695
resource,material,0.5,0.37450456619262695
resource,consumer,0.6166666666666667,0.3739723265171051
resource,success,0.5238095238095238,0.37172338366508484
resource,success,0.5238095238095238,0.37172338366508484
resource,field,0.44166666666666665,0.3710184395313263
resource,field,0.44166666666666665,0.3710184395313263
resource,faculty,0.4226190476190476,0.3708324730396271
resource,objective,0.5648148148148148,0.3706076145172119
resource,state,0.3833333333333333,0.3698770999908447
resource,concern,0.5238095238095238,0.36906740069389343
resource,contribution,0.4305555555555555,0.368941068649292
resource,area,0.5833333333333334,0.36803990602493286
resource,area,0.5833333333333334,0.36803990602493286
resource,care,0.5833333333333334,0.367802232503891
resource,estate,0.625,0.3670875132083893
resource,use,0.47222222222222215,0.3669712543487549
resource,effort,0.625,0.3663705587387085
resource,study,0.5499999999999999,0.3646482825279236
resource,study,0.5499999999999999,0.3646482825279236
resource,study,0.5499999999999999,0.3646482825279236
resource,collection,0.44722222222222224,0.3644025921821594
resource,product,0.6904761904761904,0.3627857267856598
resource,product,0.6904761904761904,0.3627857267856598
resource,object,0.5138888888888888,0.3592541515827179
resource,article,0.6011904761904762,0.35725024342536926
resource,basis,0.44166666666666665,0.3571268618106842
resource,establish,0.49074074074074076,0.35667526721954346
resource,risk,0.5833333333333334,0.3563710153102875
resource,region,0.625,0.3557187020778656
resource,result,0.8055555555555556,0.35495153069496155
resource,result,0.8055555555555556,0.35495153069496155
resource,parent,0.5277777777777778,0.3540581166744232
resource,parent,0.5277777777777778,0.3540581166744232
resource,fund,0.4583333333333333,0.35340166091918945
resource,domain,0.4305555555555555,0.35332080721855164
resource,customer,0.6166666666666667,0.3529558777809143
resource,specialization,0.41865079365079366,0.35266560316085815
resource,activity,0.0,0.35238802433013916
resource,food,0.4583333333333333,0.35175684094429016
resource,job,0.4861111111111111,0.35136422514915466
resource,change,0.4305555555555555,0.3510703146457672
resource,cost,0.4166666666666667,0.35104623436927795
resource,description,0.4545454545454546,0.35082969069480896
resource,status,0.5277777777777778,0.350078821182251
resource,status,0.5277777777777778,0.350078821182251
resource,interest,0.5833333333333334,0.3497455418109894
resource,market,0.5277777777777778,0.3493480980396271
resource,role,0.5972222222222222,0.34930679202079773
resource,role,0.5972222222222222,0.34930679202079773
resource,association,0.5492424242424242,0.348701536655426
resource,plan,0.0,0.34868761897087097
resource,option,0.4305555555555555,0.34863659739494324
resource,population,0.48333333333333334,0.34665021300315857
resource,population,0.48333333333333334,0.34665021300315857
resource,organisation,0.4305555555555555,0.34541627764701843
resource,entity,0.4305555555555555,0.3448193073272705
resource,level,0.44166666666666665,0.3441890776157379
resource,level,0.44166666666666665,0.3441890776157379
resource,choice,0.625,0.3435928523540497
resource,world,0.3833333333333333,0.3435041010379791
resource,experience,0.5499999999999999,0.3424101769924164
resource,introduction,0.611111111111111,0.34187471866607666
resource,target,0.5277777777777778,0.34111589193344116
resource,target,0.5277777777777778,0.34111589193344116
resource,contain,0.4226190476190476,0.3405158817768097
resource,major,0.5499999999999999,0.3389490246772766
resource,complete,0.5,0.3369339406490326
resource,department,0.44722222222222224,0.3365529179573059
resource,request,0.7704761904761905,0.33628156781196594
resource,human,0.44166666666666665,0.3346710801124573
resource,quantity,0.4166666666666667,0.33399713039398193
resource,quantity,0.4166666666666667,0.33399713039398193
resource,teacher,0.6071428571428571,0.3328697383403778
resource,ability,0.0,0.33255964517593384
resource,capacity,0.4166666666666667,0.3323515057563782
resource,coordinate,0.44722222222222224,0.3316327929496765
resource,coordinate,0.44722222222222224,0.3316327929496765
resource,report,0.7777777777777778,0.3307477533817291
resource,method,0.5277777777777778,0.32985231280326843
resource,affect,0.5277777777777778,0.32970356941223145
resource,student,0.4900793650793651,0.3296489417552948
resource,mission,0.5119047619047619,0.32940128445625305
resource,mission,0.5119047619047619,0.32940128445625305
resource,acquisition,0.3106060606060606,0.3293549120426178
resource,skill,0.44166666666666665,0.32919690012931824
resource,lack,0.0,0.3288971483707428
resource,text,0.4583333333333333,0.32858753204345703
resource,host,0.4166666666666667,0.32848674058914185
resource,serve,0.6833333333333332,0.3282424807548523
resource,representation,0.594047619047619,0.3281918466091156
resource,equipment,0.5694444444444444,0.32644471526145935
resource,publish,0.3452380952380952,0.3259413242340088
resource,own,0.4861111111111111,0.3250056803226471
resource,language,0.5,0.32441315054893494
resource,part,0.4583333333333333,0.3239925503730774
resource,term,0.4166666666666667,0.3235132396221161
resource,travel,0.5277777777777778,0.3229607045650482
resource,authority,0.4583333333333333,0.32195502519607544
resource,manager,0.3452380952380952,0.32166236639022827
resource,manager,0.3452380952380952,0.32166236639022827
resource,event,0.44166666666666665,0.3210657238960266
resource,government,0.5499999999999999,0.3203812539577484
resource,class,0.44166666666666665,0.320054829120636
resource,society,0.4900793650793651,0.3199124038219452
resource,book,0.4583333333333333,0.31930360198020935
resource,exchange,0.5,0.3190491795539856
resource,contributor,0.43813131313131315,0.318541556596756
resource,number,0.5138888888888888,0.3182109594345093
resource,relationship,0.5416666666666666,0.3178379535675049
resource,build,0.44166666666666665,0.31623852252960205
resource,publisher,0.48148148148148145,0.3158370554447174
resource,publisher,0.48148148148148145,0.3158370554447174
resource,involve,0.5119047619047619,0.31565728783607483
resource,attention,0.41203703703703703,0.3144094944000244
resource,practice,0.5833333333333334,0.3141430914402008
resource,money,0.3833333333333333,0.31410613656044006
resource,news,0.5833333333333334,0.3136695921421051
resource,issue,0.5472222222222222,0.3136654198169708
resource,category,0.5833333333333334,0.31360185146331787
resource,nation,0.4305555555555555,0.31351238489151
resource,capital,0.0,0.31340956687927246
resource,url,0.4861111111111111,0.312486857175827
resource,debt,0.4583333333333333,0.31239697337150574
resource,output,0.5277777777777778,0.31189030408859253
resource,broker,0.6388888888888888,0.3114840090274811
resource,broker,0.6388888888888888,0.3114840090274811
resource,portion,0.3452380952380952,0.3108959496021271
resource,organize,0.47222222222222215,0.30953356623649597
resource,country,0.6011904761904762,0.30900514125823975
resource,country,0.6011904761904762,0.30900514125823975
resource,author,0.5138888888888888,0.30886006355285645
resource,author,0.5138888888888888,0.30886006355285645
resource,author,0.5138888888888888,0.30886006355285645
resource,home,0.4166666666666667,0.30869367718696594
resource,time,0.4583333333333333,0.3086383640766144
resource,time,0.4583333333333333,0.3086383640766144
resource,group,0.6583333333333333,0.308243066072464
resource,hardware,0.5833333333333334,0.30802813172340393
resource,university,0.4666666666666666,0.3078034222126007
resource,found,0.5499999999999999,0.3068196773529053
resource,type,0.4583333333333333,0.30655092000961304
resource,type,0.4583333333333333,0.30655092000961304
resource,distribute,0.5499999999999999,0.30650800466537476
resource,write,0.5499999999999999,0.30638566613197327
resource,set,0.47222222222222215,0.3059045076370239
resource,power,0.5472222222222222,0.3058983087539673
resource,idea,0.4583333333333333,0.30560702085494995
resource,supplier,0.5833333333333334,0.3055453300476074
resource,county,0.5277777777777778,0.3050375282764435
resource,amount,0.5277777777777778,0.3049362003803253
resource,permission,0.44722222222222224,0.30492281913757324
resource,institution,0.4772727272727273,0.3032672107219696
resource,transport,0.6481481481481481,0.3022032082080841
resource,to,0.5416666666666666,0.3021624684333801
resource,participant,0.4772727272727273,0.3014131188392639
resource,participant,0.4772727272727273,0.3014131188392639
resource,participant,0.4772727272727273,0.3014131188392639
resource,situation,0.49074074074074076,0.3013222813606262
resource,acquire,0.6011904761904762,0.3009682297706604
resource,creativity,0.48333333333333334,0.300663024187088
resource,transaction,0.5492424242424242,0.30017244815826416
resource,construction,0.6138888888888889,0.2998795509338379
resource,company,0.4226190476190476,0.2998371720314026
resource,course,0.6861111111111112,0.29945802688598633
resource,course,0.6861111111111112,0.29945802688598633
resource,master,0.5138888888888888,0.2992519438266754
resource,represent,0.6601851851851852,0.2984560430049896
resource,employee,0.5833333333333334,0.2977411448955536
resource,emergency,0.48148148148148145,0.29758939146995544
resource,memory,0.625,0.29727402329444885
resource,specialty,0.4583333333333333,0.2968113124370575
resource,specialty,0.4583333333333333,0.2968113124370575
resource,permit,0.3611111111111111,0.2963792085647583
resource,account,0.5119047619047619,0.29589998722076416
resource,place,0.3833333333333333,0.295212984085083
resource,place,0.3833333333333333,0.295212984085083
resource,reader,0.6388888888888888,0.2943086326122284
resource,treatment,0.5694444444444444,0.2939264476299286
resource,treatment,0.5694444444444444,0.2939264476299286
resource,school,0.5277777777777778,0.2922282814979553
resource,school,0.5277777777777778,0.2922282814979553
resource,desire,0.7222222222222222,0.2921454906463623
resource,subject,0.6071428571428571,0.2911929190158844
resource,store,0.6,0.29028743505477905
resource,trade,0.5499999999999999,0.29028668999671936
resource,trade,0.5499999999999999,0.29028668999671936
resource,manner,0.5277777777777778,0.2899242341518402
resource,intelligence,0.4305555555555555,0.289848268032074
resource,patient,0.4226190476190476,0.28965213894844055
resource,editor,0.625,0.28964418172836304
resource,purchase,0.5833333333333334,0.28952834010124207
resource,message,0.6011904761904762,0.2879869341850281
resource,step,0.4166666666666667,0.2877565622329712
resource,argument,0.5833333333333334,0.2873561382293701
resource,life,0.4583333333333333,0.2870171368122101
resource,response,0.825,0.28632810711860657
resource,child,0.0,0.2852156460285187
resource,point,0.44166666666666665,0.2848625183105469
resource,background,0.4666666666666666,0.28416091203689575
resource,whole,0.3833333333333333,0.28380927443504333
resource,worker,0.6388888888888888,0.2836880385875702
resource,receive,0.6011904761904762,0.2835773527622223
resource,entry,0.3833333333333333,0.2816137671470642
resource,entry,0.3833333333333333,0.2816137671470642
resource,force,0.6,0.28133440017700195
resource,order,0.6833333333333332,0.28053346276283264
resource,buyer,0.5472222222222222,0.27984854578971863
resource,tree,0.5833333333333334,0.2797393798828125
resource,depth,0.44166666666666665,0.27928438782691956
resource,read,0.5833333333333334,0.2789946496486664
resource,read,0.5833333333333334,0.2789946496486664
resource,protection,0.5499999999999999,0.2780787944793701
resource,script,0.3611111111111111,0.27731698751449585
resource,researcher,0.8094444444444445,0.27714529633522034
resource,fact,0.0,0.2763599455356598
resource,teach,0.5499999999999999,0.27631834149360657
resource,practitioner,0.5277777777777778,0.27593550086021423
resource,item,0.4583333333333333,0.27548977732658386
resource,item,0.4583333333333333,0.27548977732658386
resource,position,0.3333333333333333,0.27542874217033386
resource,plant,0.0,0.27467045187950134
resource,performance,0.7095959595959597,0.2739446461200714
resource,performance,0.7095959595959597,0.2739446461200714
resource,consequence,0.654040404040404,0.2731713056564331
resource,review,0.625,0.2725038528442383
resource,feature,0.6904761904761904,0.2723434269428253
resource,action,0.4305555555555555,0.2721242606639862
resource,session,0.4900793650793651,0.2719295620918274
resource,instructor,0.5750000000000001,0.27113595604896545
resource,view,0.4583333333333333,0.271103173494339
resource,respect,0.7991666666666667,0.27099084854125977
resource,justice,0.6071428571428571,0.27079933881759644
resource,ontology,0.4166666666666667,0.2697142958641052
resource,ontology,0.4166666666666667,0.2697142958641052
resource,decision,0.5833333333333334,0.26943397521972656
resource,native,0.4305555555555555,0.2691844403743744
resource,physician,0.49074074074074076,0.26862001419067383
resource,city,0.0,0.2671145498752594
resource,city,0.0,0.2671145498752594
resource,fraction,0.47222222222222215,0.2667340338230133
resource,family,0.0,0.2665750980377197
resource,factor,0.5277777777777778,0.26639512181282043
resource,loss,0.4166666666666667,0.26503318548202515
resource,animal,0.0,0.26452040672302246
resource,influence,0.4583333333333333,0.2643584609031677
resource,activism,0.0,0.26396018266677856
resource,detail,0.4305555555555555,0.2635120749473572
resource,pet,0.4861111111111111,0.2630995810031891
resource,print,0.44166666666666665,0.26228851079940796
resource,gender,0.5138888888888888,0.262063592672348
resource,gender,0.5138888888888888,0.262063592672348
resource,outcome,0.6904761904761904,0.26133841276168823
resource,outcome,0.6904761904761904,0.26133841276168823
resource,difficulty,0.31666666666666665,0.26015806198120117
resource,continent,0.49074074074074076,0.2601386308670044
resource,gift,0.0,0.25977450609207153
resource,paper,0.5499999999999999,0.25968536734580994
resource,majority,0.5,0.25961846113204956
resource,conversion,0.4666666666666666,0.2594641447067261
resource,image,0.44166666666666665,0.25928911566734314
resource,employer,0.5833333333333334,0.2592676877975464
resource,employer,0.5833333333333334,0.2592676877975464
resource,reason,0.7777777777777778,0.25896772742271423
resource,reason,0.7777777777777778,0.25896772742271423
resource,end,0.4861111111111111,0.25660884380340576
resource,return,0.7777777777777778,0.2555151581764221
resource,behalf,0.4305555555555555,0.25530344247817993
resource,origin,0.3611111111111111,0.2550819516181946
resource,origin,0.3611111111111111,0.2550819516181946
resource,unit,0.0,0.25449609756469727
resource,unit,0.0,0.25449609756469727
resource,viewpoint,0.49074074074074076,0.2543918192386627
resource,disease,0.4900793650793651,0.25388839840888977
resource,organizer,0.48148148148148145,0.25336140394210815
resource,organizer,0.48148148148148145,0.25336140394210815
resource,right,0.44166666666666665,0.25302854180336
resource,collector,0.48148148148148145,0.25287461280822754
resource,commentary,0.44722222222222224,0.2515406906604767
resource,donation,0.4166666666666667,0.25112664699554443
resource,symptom,0.5119047619047619,0.25060227513313293
resource,symptom,0.5119047619047619,0.25060227513313293
resource,writer,0.625,0.2502663731575012
resource,price,0.5472222222222222,0.25009578466415405
resource,price,0.5472222222222222,0.25009578466415405
resource,audience,0.5833333333333334,0.2500656545162201
resource,household,0.48148148148148145,0.24796287715435028
resource,email,0.44166666666666665,0.24787567555904388
resource,meeting,0.4226190476190476,0.2476881593465805
resource,owner,0.5472222222222222,0.24621546268463135
resource,owner,0.5472222222222222,0.24621546268463135
resource,reputation,0.5583333333333333,0.24605746567249298
resource,tourist,0.5238095238095238,0.24569132924079895
resource,currency,0.6166666666666667,0.24537275731563568
resource,currency,0.6166666666666667,0.24537275731563568
resource,cause,0.5472222222222222,0.24416054785251617
resource,cause,0.5472222222222222,0.24416054785251617
resource,cause,0.5472222222222222,0.24416054785251617
resource,cause,0.5472222222222222,0.24416054785251617
resource,size,0.4166666666666667,0.24312998354434967
resource,size,0.4166666666666667,0.24312998354434967
resource,water,0.5499999999999999,0.2430453598499298
resource,decade,0.5277777777777778,0.24279162287712097
resource,word,0.4166666666666667,0.24158276617527008
resource,auction,0.3452380952380952,0.24155335128307343
resource,line,0.4583333333333333,0.2414538562297821
resource,direction,0.5694444444444444,0.24075178802013397
resource,condition,0.41203703703703703,0.24066954851150513
resource,independence,0.4305555555555555,0.24017512798309326
resource,apply,0.0,0.23869779706001282
resource,treat,0.5499999999999999,0.23827636241912842
resource,record,0.7777777777777778,0.23692822456359863
resource,struggle,0.5833333333333334,0.23620256781578064
resource,ingredient,0.5583333333333333,0.2357582151889801
resource,contractor,0.4666666666666666,0.2355813831090927
resource,probability,0.4772727272727273,0.23490960896015167
resource,reproduction,0.6944444444444445,0.23475566506385803
resource,mail,0.0,0.23475195467472076
resource,theme,0.5499999999999999,0.2328779548406601
resource,name,0.4583333333333333,0.23286452889442444
resource,citation,0.4166666666666667,0.23242856562137604
resource,printer,0.4900793650793651,0.2323039323091507
resource,donor,0.5499999999999999,0.23219099640846252
resource,donor,0.5499999999999999,0.23219099640846252
resource,realestate,0.5499999999999999,0.2313157171010971
resource,counsel,0.6071428571428571,0.2307298630475998
resource,agent,0.44166666666666665,0.23051713407039642
resource,principle,0.5694444444444444,0.2302032709121704
resource,dimension,0.49074074074074076,0.22984576225280762
resource,possess,0.4900793650793651,0.22951285541057587
resource,date,0.4583333333333333,0.22844065725803375
resource,shop,0.5833333333333334,0.22816656529903412
resource,freedom,0.6011904761904762,0.22773480415344238
resource,hire,0.5833333333333334,0.2274576872587204
resource,furniture,0.5648148148148148,0.22722598910331726
resource,bank,0.0,0.22706356644630432
resource,shift,0.44166666666666665,0.2268080860376358
resource,church,0.5138888888888888,0.2265029400587082
resource,case,0.4166666666666667,0.2262112945318222
resource,endpoint,0.5,0.2251138836145401
resource,story,0.5472222222222222,0.22497835755348206
resource,from,0.5833333333333334,0.22468046844005585
resource,wedding,0.4226190476190476,0.2241520881652832
resource,attorney,0.5833333333333334,0.22370222210884094
resource,sale,0.4166666666666667,0.2231302559375763
resource,vehicle,0.6011904761904762,0.22251398861408234
resource,username,0.5833333333333334,0.2224431335926056
resource,sport,0.5472222222222222,0.22219796478748322
resource,member,0.5138888888888888,0.22192536294460297
resource,member,0.5138888888888888,0.22192536294460297
resource,resident,0.6666666666666666,0.22147731482982635
resource,conversation,0.5277777777777778,0.22116771340370178
resource,occupation,0.44722222222222224,0.22093184292316437
resource,recipe,0.625,0.2193935662508011
resource,office,0.625,0.21863099932670593
resource,rest,0.7958333333333334,0.21853581070899963
resource,producer,0.7777777777777778,0.21763744950294495
resource,sell,0.4166666666666667,0.2172892689704895
resource,crime,0.5499999999999999,0.2170449048280716
resource,crime,0.5499999999999999,0.2170449048280716
resource,ocean,0.3833333333333333,0.21697752177715302
resource,thing,0.0,0.2166668176651001
resource,island,0.4305555555555555,0.21613545715808868
resource,promise,0.6071428571428571,0.21509160101413727
resource,jurisdiction,0.5277777777777778,0.21501626074314117
resource,chance,0.5277777777777778,0.21394693851470947
resource,biography,0.49074074074074076,0.21329665184020996
resource,premise,0.6904761904761904,0.21312443912029266
resource,manuscript,0.4666666666666666,0.2130444049835205
resource,symbol,0.5277777777777778,0.21211235225200653
resource,perception,0.5499999999999999,0.21178936958312988
resource,war,0.4861111111111111,0.211592435836792
resource,strength,0.47222222222222215,0.21125413477420807
resource,person,0.6388888888888888,0.21117928624153137
resource,statement,0.4583333333333333,0.21115298569202423
resource,creator,0.6904761904761904,0.21101562678813934
resource,attendee,0.5,0.2109864056110382
resource,attendee,0.5,0.2109864056110382
resource,reward,0.625,0.21020548045635223
resource,title,0.44166666666666665,0.2099425494670868
resource,string,0.3611111111111111,0.2097865343093872
resource,award,0.44166666666666665,0.20848961174488068
resource,marriage,0.5833333333333334,0.20804312825202942
resource,official,0.5,0.20785579085350037
resource,discrimination,0.41865079365079366,0.20724882185459137
resource,guest,0.5472222222222222,0.20716316998004913
resource,merchant,0.47222222222222215,0.20627328753471375
resource,degree,0.5138888888888888,0.2061111181974411
resource,branch,0.5277777777777778,0.20546773076057434
resource,trigger,0.4900793650793651,0.2049017697572708
resource,director,0.6833333333333332,0.2040911763906479
resource,favor,0.5499999999999999,0.20371969044208527
resource,carry,0.5499999999999999,0.20359280705451965
resource,homeland,0.3333333333333333,0.2035549134016037
resource,belief,0.5277777777777778,0.20342618227005005
resource,medium,0.5277777777777778,0.2033759206533432
resource,edit,0.4583333333333333,0.20310240983963013
resource,transfer,0.5833333333333334,0.20261545479297638
resource,violence,0.5833333333333334,0.20260140299797058
resource,scholar,0.6011904761904762,0.20213551819324493
resource,lawyer,0.5277777777777778,0.20102134346961975
resource,lawyer,0.5277777777777778,0.20102134346961975
resource,beneficiary,0.537878787878788,0.20098215341567993
resource,effect,0.5277777777777778,0.2009541541337967
resource,offender,0.5,0.20059774816036224
resource,contract,0.5833333333333334,0.19934862852096558
resource,frequency,0.6601851851851852,0.1991739273071289
resource,frequency,0.6601851851851852,0.1991739273071289
resource,seller,0.5555555555555555,0.19694744050502777
resource,circumstance,0.6138888888888889,0.19676457345485687
resource,pain,0.0,0.19636952877044678
resource,wage,0.4583333333333333,0.19625675678253174
resource,photo,0.44166666666666665,0.19608096778392792
resource,century,0.6011904761904762,0.19535894691944122
resource,trader,0.625,0.19475163519382477
resource,duration,0.47222222222222215,0.19456927478313446
resource,duration,0.47222222222222215,0.19456927478313446
resource,weapon,0.5277777777777778,0.19405408203601837
resource,liberty,0.5119047619047619,0.19327425956726074
resource,parcel,0.5138888888888888,0.19229625165462494
resource,integer,0.4900793650793651,0.19210176169872284
resource,resolution,0.8250000000000001,0.19192439317703247
resource,warrant,0.5119047619047619,0.1913854330778122
resource,piece,0.6583333333333333,0.19137053191661835
resource,veteran,0.5119047619047619,0.19086579978466034
resource,donate,0.5277777777777778,0.1906895935535431
resource,coast,0.3833333333333333,0.18995308876037598
resource,recipient,0.5694444444444444,0.18967615067958832
resource,recipient,0.5694444444444444,0.18967615067958832
resource,attempt,0.4226190476190476,0.189459428191185
resource,body,0.4583333333333333,0.18940210342407227
resource,bear,0.4166666666666667,0.18931595981121063
resource,timestamp,0.49074074074074076,0.18906845152378082
resource,severity,0.47222222222222215,0.1889730542898178
resource,earn,0.4166666666666667,0.18862542510032654
resource,earn,0.4166666666666667,0.18862542510032654
resource,river,0.6583333333333333,0.18853698670864105
resource,candidate,0.41203703703703703,0.1879466027021408
resource,distance,0.5833333333333334,0.18792839348316193
resource,historian,0.5694444444444444,0.18765783309936523
resource,play,0.0,0.18735641241073608
resource,slave,0.3833333333333333,0.18660271167755127
resource,mean,0.4583333333333333,0.18658429384231567
resource,perform,0.6071428571428571,0.18639236688613892
resource,railroad,0.47222222222222215,0.18627165257930756
resource,plantation,0.0,0.1861492246389389
resource,professor,0.6601851851851852,0.185605987906456
resource,length,0.4305555555555555,0.1855708658695221
resource,pension,0.6011904761904762,0.18548482656478882
resource,like,0.4583333333333333,0.1853027492761612
resource,town,0.4583333333333333,0.18522408604621887
resource,prayer,0.625,0.18458370864391327
resource,ground,0.625,0.18431805074214935
resource,tour,0.5972222222222222,0.1842488944530487
resource,hospital,0.3333333333333333,0.18421489000320435
resource,religion,0.5833333333333334,0.1839958280324936
resource,genre,0.5472222222222222,0.183461993932724
resource,genre,0.5472222222222222,0.183461993932724
resource,newspaper,0.5648148148148148,0.1833077073097229
resource,blessing,0.5,0.18302035331726074
resource,meal,0.4583333333333333,0.1828545331954956
resource,exhibit,0.4226190476190476,0.18271321058273315
resource,photographer,0.5416666666666666,0.18270114064216614
resource,weather,0.4900793650793651,0.18264275789260864
resource,character,0.5648148148148148,0.18153324723243713
resource,conclusion,0.5499999999999999,0.18140947818756104
resource,speed,0.3833333333333333,0.18087762594223022
resource,diary,0.44166666666666665,0.18039435148239136
resource,movement,0.47222222222222215,0.1801377683877945
resource,box,0.4861111111111111,0.17950016260147095
resource,road,0.5833333333333334,0.17929480969905853
resource,suffer,0.6388888888888888,0.1791556179523468
resource,herb,0.4166666666666667,0.17910075187683105
resource,age,0.4861111111111111,0.17907944321632385
resource,calorie,0.6011904761904762,0.1790464073419571
resource,period,0.5138888888888888,0.1788712441921234
resource,period,0.5138888888888888,0.1788712441921234
resource,fear,0.4166666666666667,0.1787755936384201
resource,convention,0.31666666666666665,0.17811466753482819
resource,sign,0.4583333333333333,0.17744021117687225
resource,shape,0.3833333333333333,0.17719469964504242
resource,shape,0.3833333333333333,0.17719469964504242
resource,breed,0.5499999999999999,0.1769612580537796
resource,marker,0.625,0.17690026760101318
resource,truth,0.5499999999999999,0.17676150798797607
resource,camp,0.0,0.17664991319179535
resource,party,0.44166666666666665,0.17640921473503113
resource,party,0.44166666666666665,0.17640921473503113
resource,attend,0.4305555555555555,0.17617076635360718
resource,charge,0.5277777777777778,0.17610986530780792
resource,affiliation,0.0,0.1760289967060089
resource,ticket,0.4305555555555555,0.1757020503282547
resource,doctor,0.5277777777777778,0.17566728591918945
resource,artist,0.5277777777777778,0.17551514506340027
resource,artist,0.5277777777777778,0.17551514506340027
resource,dog,0.4861111111111111,0.17503847181797028
resource,manufacturer,0.5277777777777778,0.17451976239681244
resource,phone,0.3833333333333333,0.17432568967342377
resource,speech,0.5138888888888888,0.17411568760871887
resource,rank,0.4583333333333333,0.17393219470977783
resource,rank,0.4583333333333333,0.17393219470977783
resource,belong,0.5277777777777778,0.1738840788602829
resource,speak,0.3833333333333333,0.17272403836250305
resource,legislature,0.6931818181818182,0.17260271310806274
resource,eye,0.4861111111111111,0.17254163324832916
resource,style,0.3833333333333333,0.17228969931602478
resource,eradication,0.43813131313131315,0.1722896546125412
resource,fire,0.5833333333333334,0.17185363173484802
resource,grandparent,0.5492424242424242,0.17072975635528564
resource,color,0.5499999999999999,0.16990341246128082
resource,color,0.5499999999999999,0.16990341246128082
resource,feel,0.4583333333333333,0.169267937541008
resource,kingdom,0.4226190476190476,0.16925588250160217
resource,enroll,0.5138888888888888,0.1678129881620407
resource,duty,0.4583333333333333,0.16765612363815308
resource,duty,0.4583333333333333,0.16765612363815308
resource,novel,0.3833333333333333,0.16719502210617065
resource,petition,0.5,0.16692134737968445
resource,invoice,0.6011904761904762,0.16671054065227509
resource,village,0.4226190476190476,0.16661673784255981
resource,perceive,0.5833333333333334,0.1661926507949829
resource,impose,0.5138888888888888,0.16558398306369781
resource,damage,0.4305555555555555,0.1648520976305008
resource,think,0.0,0.1648055464029312
resource,speaker,0.5238095238095238,0.16438566148281097
resource,speaker,0.5238095238095238,0.16438566148281097
resource,delta,0.44166666666666665,0.16433346271514893
resource,spouse,0.7222222222222222,0.1638028919696808
resource,version,0.6071428571428571,0.16378827393054962
resource,version,0.6071428571428571,0.16378827393054962
resource,expedition,0.48333333333333334,0.16374754905700684
resource,woman,0.44166666666666665,0.16362109780311584
resource,brand,0.44166666666666665,0.16362102329730988
resource,birth,0.44166666666666665,0.16360795497894287
resource,spring,0.3611111111111111,0.16344016790390015
resource,friendship,0.5583333333333333,0.16302232444286346
resource,voter,0.5472222222222222,0.1629713773727417
resource,voter,0.5472222222222222,0.1629713773727417
resource,figure,0.625,0.16296540200710297
resource,battle,0.4305555555555555,0.16285420954227448
resource,activist,0.0,0.16266188025474548
resource,congregation,0.4305555555555555,0.16244754195213318
resource,reproduce,0.8693121693121693,0.1620815098285675
resource,man,0.0,0.16156813502311707
resource,gospel,0.5138888888888888,0.1611863225698471
resource,missionary,0.5583333333333333,0.161038339138031
resource,sea,0.47222222222222215,0.16088198125362396
resource,bill,0.0,0.1600141078233719
resource,casualty,0.5,0.15995608270168304
resource,movie,0.3833333333333333,0.15941253304481506
resource,restaurant,0.7958333333333334,0.1582535058259964
resource,metallurgy,0.5583333333333333,0.15802963078022003
resource,deadline,0.5,0.15766073763370514
resource,release,0.6904761904761904,0.15765777230262756
resource,face,0.4583333333333333,0.15755021572113037
resource,half,0.0,0.15561935305595398
resource,timezone,0.5833333333333334,0.15418347716331482
resource,victim,0.0,0.15407124161720276
resource,victim,0.0,0.15407124161720276
resource,issuer,0.6388888888888888,0.15401791036128998
resource,superpower,0.7154761904761905,0.1536785215139389
resource,isbn,0.4583333333333333,0.15302059054374695
resource,cemetery,0.47222222222222215,0.15184630453586578
resource,artwork,0.6011904761904762,0.15177956223487854
resource,salinity,0.4166666666666667,0.1507437825202942
resource,flower,0.5138888888888888,0.15071392059326172
resource,intensity,0.49074074074074076,0.15063166618347168
resource,intensity,0.49074074074074076,0.15063166618347168
resource,residence,0.6601851851851852,0.1504511535167694
resource,minor,0.5499999999999999,0.14998207986354828
resource,captive,0.4226190476190476,0.14959122240543365
resource,width,0.0,0.1490148901939392
resource,creditor,0.6666666666666666,0.14881591498851776
resource,drag,0.4583333333333333,0.1487676352262497
resource,troop,0.5499999999999999,0.14861075580120087
resource,occasion,0.3333333333333333,0.1481960564851761
resource,testimony,0.5694444444444444,0.14810778200626373
resource,injury,0.5277777777777778,0.1480797380208969
resource,acre,0.5833333333333334,0.14788658916950226
resource,cuisine,0.4900793650793651,0.14774830639362335
resource,cuisine,0.4900793650793651,0.14774830639362335
resource,couple,0.625,0.1475115865468979
resource,baseball,0.3333333333333333,0.14743925631046295
resource,film,0.0,0.14721599221229553
resource,diocese,0.6464285714285715,0.14704075455665588
resource,diocese,0.6464285714285715,0.14704075455665588
resource,lyric,0.5499999999999999,0.14687244594097137
resource,house,0.6,0.1468198150396347
resource,possession,0.44722222222222224,0.1467183530330658
resource,station,0.5119047619047619,0.14639195799827576
resource,ancestor,0.6666666666666666,0.14609991014003754
resource,curator,0.6071428571428571,0.1450454741716385
resource,day,0.0,0.14466409385204315
resource,inmate,0.4305555555555555,0.14455705881118774
resource,train,0.44166666666666665,0.14397288858890533
resource,scene,0.5472222222222222,0.14376120269298553
resource,bondage,0.5119047619047619,0.1432136446237564
resource,suspect,0.6071428571428571,0.14303192496299744
resource,sermon,0.6388888888888888,0.14235670864582062
resource,retiree,0.6904761904761904,0.1422475427389145
resource,court,0.5472222222222222,0.1418747901916504
resource,trial,0.44166666666666665,0.14154811203479767
resource,possessor,0.5648148148148148,0.14151160418987274
resource,debtor,0.625,0.14128410816192627
resource,audiobook,0.32407407407407407,0.14117743074893951
resource,controversy,0.4545454545454546,0.140854150056839
resource,judgment,0.5,0.1408451646566391
resource,invitation,0.0,0.14041049778461456
resource,vaccine,0.5119047619047619,0.14019091427326202
resource,holder,0.5138888888888888,0.1399478018283844
resource,slavery,0.4900793650793651,0.13983987271785736
resource,originality,0.3106060606060606,0.1396745890378952
resource,infant,0.0,0.13928291201591492
resource,mother,0.5138888888888888,0.13904312252998352
resource,year,0.4166666666666667,0.13900193572044373
resource,year,0.4166666666666667,0.13900193572044373
resource,escape,0.625,0.1389201581478119
resource,fabric,0.5277777777777778,0.13715781271457672
resource,officer,0.6071428571428571,0.13663111627101898
resource,neighbor,0.5833333333333334,0.13652633130550385
resource,rating,0.4305555555555555,0.13612045347690582
resource,honor,0.5499999999999999,0.13603103160858154
resource,blood,0.44166666666666665,0.1351284384727478
resource,genius,0.5138888888888888,0.1330382078886032
resource,room,0.5833333333333334,0.13267220556735992
resource,blogpost,0.4166666666666667,0.13263057172298431
resource,cave,0.4583333333333333,0.13245880603790283
resource,friend,0.5277777777777778,0.1321241706609726
resource,colony,0.4305555555555555,0.13206329941749573
resource,horse,0.6833333333333332,0.13144727051258087
resource,vessel,0.625,0.13106974959373474
resource,suit,0.5833333333333334,0.12969431281089783
resource,baby,0.0,0.12924551963806152
resource,poem,0.4166666666666667,0.12875677645206451
resource,witness,0.5119047619047619,0.12866362929344177
resource,bride,0.5499999999999999,0.12855857610702515
resource,ink,0.0,0.12824705243110657
resource,performer,0.6601851851851852,0.12809991836547852
resource,temperature,0.537878787878788,0.127193421125412
resource,height,0.4305555555555555,0.12672080099582672
resource,fruit,0.5499999999999999,0.12625162303447723
resource,supporter,0.6601851851851852,0.12554588913917542
resource,memorial,0.5833333333333334,0.12440235912799835
resource,grave,0.5499999999999999,0.12427160888910294
resource,pastor,0.625,0.12347951531410217
resource,comment,0.3452380952380952,0.12292969226837158
resource,foot,0.4583333333333333,0.12258487939834595
resource,believer,0.47222222222222215,0.12170275300741196
resource,light,0.0,0.1214350014925003
resource,score,0.6,0.12143410742282867
resource,bidder,0.5277777777777778,0.12128570675849915
resource,obituary,0.5833333333333334,0.12122979015111923
resource,datum,0.44166666666666665,0.12074685096740723
resource,alphabet,0.4166666666666667,0.12023089081048965
resource,heat,0.4583333333333333,0.12004232406616211
resource,thousand,0.47222222222222215,0.11854575574398041
resource,emancipation,0.47222222222222215,0.11812647432088852
resource,crew,0.5833333333333334,0.11579232662916183
resource,judge,0.3833333333333333,0.11570777744054794
resource,judge,0.3833333333333333,0.11570777744054794
resource,judge,0.3833333333333333,0.11570777744054794
resource,memoir,0.625,0.11532948166131973
resource,bat,0.0,0.11460772901773453
resource,adulthood,0.32407407407407407,0.1145312637090683
resource,tale,0.4583333333333333,0.11431911587715149
resource,hour,0.5972222222222222,0.1142861545085907
resource,greeting,0.5,0.11309676617383957
resource,constellation,0.42414529914529914,0.11303868889808655
resource,ship,0.4583333333333333,0.11293710023164749
resource,star,0.4166666666666667,0.11217280477285385
resource,star,0.4166666666666667,0.11217280477285385
resource,actor,0.5499999999999999,0.11201923340559006
resource,funeral,0.4900793650793651,0.11191646009683609
resource,monument,0.5833333333333334,0.11183678358793259
resource,black,0.44166666666666665,0.11164943873882294
resource,amplify,0.0,0.11107426881790161
resource,firefighter,0.5492424242424242,0.11062394827604294
resource,preface,0.6904761904761904,0.11036287248134613
resource,dialect,0.5119047619047619,0.11013676971197128
resource,attack,0.4305555555555555,0.10993120074272156
resource,plaintiff,0.0,0.10967963188886642
resource,descendant,0.6333333333333333,0.10893837362527847
resource,enemy,0.44166666666666665,0.10888361185789108
resource,defend,0.4305555555555555,0.10884568095207214
resource,fate,0.4583333333333333,0.1085585504770279
resource,election,0.47222222222222215,0.10820973664522171
resource,journalist,0.44722222222222224,0.10794267803430557
resource,punishment,0.44722222222222224,0.10768149048089981
resource,assault,0.5119047619047619,0.1074008047580719
resource,chef,0.4583333333333333,0.10739530622959137
resource,race,0.5833333333333334,0.10699332505464554
resource,undergo,0.4900793650793651,0.10695618391036987
resource,abbreviation,0.47222222222222215,0.10688652098178864
resource,painting,0.0,0.10658841580152512
resource,receiver,0.5833333333333334,0.10594448447227478
resource,groom,0.5499999999999999,0.1042083203792572
resource,hear,0.4166666666666667,0.10409622639417648
resource,king,0.0,0.10256201028823853
resource,president,0.6481481481481481,0.10209298878908157
resource,officiant,0.49074074074074076,0.10165784507989883
resource,death,0.44166666666666665,0.10024983435869217
resource,bag,0.0,0.09866141527891159
resource,pilgrimage,0.48333333333333334,0.09841998666524887
resource,double,0.625,0.09803121536970139
resource,head,0.4583333333333333,0.09728643298149109
resource,occupant,0.5,0.09722403436899185
resource,occupant,0.5,0.09722403436899185
resource,abolition,0.41203703703703703,0.09709315747022629
resource,prison,0.625,0.09676039218902588
resource,cabin,0.0,0.0963779017329216
resource,wheel,0.44166666666666665,0.09585893899202347
resource,crowd,0.5499999999999999,0.0952032059431076
resource,anniversary,0.4772727272727273,0.09498929977416992
resource,raid,0.4583333333333333,0.09495005756616592
resource,arm,0.4861111111111111,0.0939769297838211
resource,powerplant,0.44722222222222224,0.09352448582649231
resource,commenter,0.48148148148148145,0.09312377870082855
resource,governor,0.47222222222222215,0.0930681973695755
resource,drink,0.44166666666666665,0.0919061228632927
resource,hero,0.5972222222222222,0.09139768034219742
resource,street,0.6388888888888888,0.09112251549959183
resource,dessert,0.6071428571428571,0.09111155569553375
resource,passenger,0.48148148148148145,0.08826722949743271
resource,prince,0.625,0.08697547763586044
resource,protest,0.6071428571428571,0.08691025525331497
resource,vote,0.4166666666666667,0.08675948530435562
resource,nationality,0.4053030303030303,0.0853160098195076
resource,jury,0.4166666666666667,0.08461739122867584
resource,courthouse,0.5499999999999999,0.08343017101287842
resource,combatant,0.41203703703703703,0.08341798186302185
resource,combatant,0.41203703703703703,0.08341798186302185
resource,datetime,0.5,0.08292725682258606
resource,datetime,0.5,0.08292725682258606
resource,dish,0.4583333333333333,0.08206862211227417
resource,dish,0.4583333333333333,0.08206862211227417
resource,pilgrim,0.4226190476190476,0.08163875341415405
resource,guard,0.3833333333333333,0.0813336968421936
resource,defendant,0.41203703703703703,0.08112575858831406
resource,defendant,0.41203703703703703,0.08112575858831406
resource,enslavement,0.5492424242424242,0.08100593090057373
resource,verse,0.6833333333333332,0.08027931302785873
resource,verse,0.6833333333333332,0.08027931302785873
resource,artery,0.625,0.07946436107158661
resource,earner,0.5555555555555555,0.0788942351937294
resource,dinner,0.5277777777777778,0.0783107578754425
resource,father,0.5277777777777778,0.07808828353881836
resource,girl,0.4583333333333333,0.07742753624916077
resource,ceremony,0.47222222222222215,0.0771484524011612
resource,flowering,0.4583333333333333,0.0770009234547615
resource,song,0.5833333333333334,0.076047882437706
resource,overseer,0.7222222222222222,0.07404084503650665
resource,princess,0.5833333333333334,0.07208196818828583
resource,servant,0.4900793650793651,0.07165638357400894
resource,soldier,0.6071428571428571,0.06945159286260605
resource,catcher,0.4900793650793651,0.06922826170921326
resource,priest,0.625,0.06828573346138
resource,subcomponent,0.6138888888888889,0.06659755110740662
resource,planter,0.3452380952380952,0.06627842038869858
resource,inaction,0.3333333333333333,0.06542213261127472
resource,queen,0.3833333333333333,0.06512612104415894
resource,wife,0.4583333333333333,0.06337766349315643
resource,cotton,0.4305555555555555,0.06317068636417389
resource,perpetrator,0.4545454545454546,0.06214546039700508
resource,fugitive,0.5,0.06172511354088783
resource,baptism,0.4226190476190476,0.06114344298839569
resource,appearance,0.6333333333333333,0.06072377413511276
resource,placename,0.4583333333333333,0.06068074703216553
resource,boy,0.4861111111111111,0.059504106640815735
resource,laborer,0.6011904761904762,0.05838410183787346
resource,painter,0.3452380952380952,0.05783095210790634
resource,militia,0.0,0.05754518881440163
resource,deceased,0.5833333333333334,0.057281214743852615
resource,deceased,0.5833333333333334,0.057281214743852615
resource,bishop,0.5277777777777778,0.055772725492715836
resource,seq,0.47222222222222215,0.05513479560613632
resource,smoke,0.5472222222222222,0.05459703877568245
resource,castle,0.5277777777777778,0.051968712359666824
resource,birthplace,0.5583333333333333,0.05076254531741142
resource,pair,0.4583333333333333,0.050513867288827896
resource,commander,0.4583333333333333,0.050212062895298004
resource,dress,0.6583333333333333,0.05019199848175049
resource,arrival,0.5119047619047619,0.04998838156461716
resource,arrest,0.6388888888888888,0.04996320605278015
resource,grandfather,0.4772727272727273,0.049740031361579895
resource,die,0.4861111111111111,0.0493592843413353
resource,sister,0.5138888888888888,0.04923880845308304
resource,courtroom,0.5648148148148148,0.04918702691793442
resource,narrator,0.47222222222222215,0.04850560799241066
resource,prisoner,0.6833333333333332,0.048089221119880676
resource,carpenter,0.5648148148148148,0.047658052295446396
resource,carpenter,0.5648148148148148,0.047658052295446396
resource,plaque,0.5277777777777778,0.04541044309735298
resource,offence,0.6071428571428571,0.045097824186086655
resource,rebellion,0.49074074074074076,0.04348747804760933
resource,smallpox,0.5,0.04090748727321625
resource,politician,0.48333333333333334,0.04038389399647713
resource,brigade,0.5119047619047619,0.03997685760259628
resource,recollection,0.6138888888888889,0.03965923935174942
resource,toe,0.47222222222222215,0.03890073671936989
resource,grandchild,0.48333333333333334,0.03838300704956055
resource,gpa,0.0,0.038314931094646454
resource,rebel,0.5499999999999999,0.03770654276013374
resource,wear,0.4166666666666667,0.0365467332303524
resource,defeat,0.4305555555555555,0.03609025478363037
resource,itemid,0.4305555555555555,0.035810474306344986
resource,clothe,0.5277777777777778,0.035197824239730835
resource,captain,0.0,0.03374672308564186
resource,preacher,0.6833333333333332,0.0332806371152401
resource,signatory,0.5694444444444444,0.03310924023389816
resource,medal,0.44166666666666665,0.03109223209321499
resource,y,0.0,0.03018014132976532
resource,seamstress,0.5499999999999999,0.027992447838187218
resource,abolitionist,0.40277777777777773,0.0271620936691761
resource,wagon,0.44166666666666665,0.025858795270323753
resource,x,0.0,0.025482293218374252
resource,villain,0.0,0.024698404595255852
resource,commemorate,0.537878787878788,0.022315099835395813
resource,contradict,0.44722222222222224,0.02223822847008705
resource,blacksmith,0.31666666666666665,0.02137547917664051
resource,carriage,0.5833333333333334,0.020002804696559906
resource,endtime,0.5119047619047619,0.019459204748272896
resource,regiment,0.5833333333333334,0.019231010228395462
resource,tavern,0.5277777777777778,0.018370309844613075
resource,tourguide,0.5648148148148148,0.01709870435297489
resource,powerline,0.5648148148148148,0.017045792192220688
resource,juror,0.6833333333333332,0.01703149639070034
resource,arrestee,0.6833333333333332,0.015149244107306004
resource,statue,0.625,0.014989224262535572
resource,partof,0.5277777777777778,0.011934371665120125
resource,brother,0.6071428571428571,0.010716493241488934
resource,widow,0.44166666666666665,0.010690324008464813
resource,inscription,0.43813131313131315,0.009711921215057373
resource,absorbency,0.5750000000000001,0.009397059679031372
resource,lawfirm,0.4226190476190476,0.008682542480528355
resource,axle,0.4583333333333333,0.006342463660985231
resource,biographer,0.4666666666666666,0.006053362973034382
resource,accuse,0.5138888888888888,0.0019637958612293005
resource,decisionmaker,0.6032051282051282,-0.0012312346370890737
resource,instate,0.5119047619047619,-0.005798725411295891
resource,pensioner,0.6601851851851852,-0.011459540575742722
resource,preside,0.6904761904761904,-0.012769164517521858
resource,firstname,0.5694444444444444,-0.01429997943341732
resource,firstname,0.5694444444444444,-0.01429997943341732
resource,birthdate,0.49074074074074076,-0.016486838459968567
resource,birthdate,0.49074074074074076,-0.016486838459968567
resource,birthdate,0.49074074074074076,-0.016486838459968567
resource,birthdate,0.49074074074074076,-0.016486838459968567
resource,webdeveloper,0.4305555555555555,-0.02591564878821373
resource,starttime,0.4583333333333333,-0.028175706043839455
resource,slaveholder,0.537878787878788,-0.028291765600442886
resource,oxygenate,0.4583333333333333,-0.03032335825264454
resource,abolitionism,0.40277777777777773,-0.0312931165099144
resource,stalactite,0.5583333333333333,-0.03354734554886818
resource,torso,0.5472222222222222,-0.03857069090008736
resource,lastname,0.5,-0.041258346289396286
resource,lastname,0.5,-0.041258346289396286
resource,colonist,0.4166666666666667,-0.04319597780704498
resource,acter,0.5499999999999999,-0.04992477223277092
resource,slaveowner,0.5750000000000001,-0.055761199444532394
resource,manumission,0.3106060606060606,-0.05886238068342209
resource,manumission,0.3106060606060606,-0.05886238068342209
resource,startpoint,0.44722222222222224,-0.06160861253738403
resource,timeperiod,0.44722222222222224,-0.06742984801530838
resource,bestfriend,0.6333333333333333,-0.07483787834644318
resource,bodypart,0.5,-0.07662488520145416
resource,interestrate,0.5472222222222222,-0.07994098961353302
resource,interestrate,0.5472222222222222,-0.07994098961353302
resource,arrestor,0.6166666666666667,-0.08818256855010986
resource,releasedate,0.537878787878788,-0.09863641858100891
resource,sideeffect,0.4666666666666666,-0.10736706107854843
resource,birthyear,0.4583333333333333,-0.11261077225208282
resource,enslaver,0.5833333333333334,-0.17361336946487427
resource,courtcase,0.6601851851851852,-0.18661995232105255
resource,courtcase,0.6601851851851852,-0.18661995232105255
resource,hasid,0.44166666666666665,-0.1953461468219757
resource,hasid,0.44166666666666665,-0.1953461468219757
resource,heming,0.4305555555555555,-0.22416280210018158
